modiefied_data decision_function =
[-2.90129457 -4.23046254 -3.87100377 -3.25456122 -3.41091249 -3.27916969
 -3.71873624 -3.68445407 -3.80164095 -3.59888041 -3.11824072 -3.59156141
 -3.92417309 -3.58174671 -3.188488   -3.37419849 -3.83610644 -3.6038278
 -3.51651501 -3.77283868 -2.67648994 -2.60790694 -3.86002934 -3.32641096
 -3.88044401 -2.71957005 -3.1735218  -3.29889995 -3.6847522  -3.505153
 -3.22582373 -2.83658713 -2.50816239 -3.41674817 -3.94517269 -4.2439583
 -3.11278744 -4.29740276 -3.66658245 -2.82417951 -3.61026423 -3.51244002
 -2.8024064  -3.63323458 -3.5841649  -2.93785481 -3.5307061  -2.43168476
 -3.18822818 -3.787875   -3.30471861 -3.56969926 -3.36665641 -3.90962691
 -3.88239789 -4.09126457 -3.37855946 -3.63369834 -3.40192571 -4.02251112
 -3.18804627 -2.16490226 -3.56123644 -3.92498648 -3.2630523  -4.53144821
 -3.49371574 -3.23693521 -3.29068853 -4.12232994 -3.09911186 -3.54924496
 -2.46985588 -3.0485331  -3.77370825 -2.52445947 -3.85045757 -3.70491339
 -3.87854019 -3.00343246 -3.60180774 -3.41117658 -3.46952688 -3.28423732
 -3.05533779 -3.5133517  -3.71932412 -3.47020606 -3.51317439 -3.24574725
 -3.12381059 -2.56694107 -2.63176942 -2.46313275 -2.68745606 -3.32494781
 -3.81637454 -3.63506764 -3.44797767 -3.65822068 -3.54375532 -4.33567693
 -3.58706511 -3.0048623  -2.83533536 -3.10039077 -3.3353947  -3.08314143
 -3.92687306 -3.31905994 -3.73163919 -3.54956593 -3.55251707 -3.10867998
 -3.24381907 -3.84816887 -3.39417766 -2.95216817 -2.66557191 -3.30039282
 -2.7874063  -3.71085689 -3.34463982 -3.82275161 -3.5916539  -3.41318889
 -3.04914856 -3.46397139 -3.46440038 -4.05294082 -3.91624447 -3.93015431
 -3.17720138 -3.78704052 -3.96435734 -3.61021157 -3.15683656 -3.41610559
 -3.4419872  -3.55363482 -3.77938857 -3.20637697 -3.96359707 -2.53097179
 -2.33136473 -3.13035709 -3.87775946 -3.12645662 -2.93399246 -4.18623232
 -3.70178915 -3.4591609  -3.15648915 -3.28738063 -3.67018191 -3.55409806
 -2.83235346 -3.12952588 -3.14959722 -3.50498671 -3.91529111 -3.44402564
 -3.21965722 -4.06429746 -2.86841284 -3.33639124 -2.60343909 -3.433139
 -3.56031691 -3.34577134 -3.57803791 -3.62627522 -3.2661235  -3.41374594
 -3.69286537 -3.53536897 -3.30625265 -2.82763445 -3.54226073 -3.92917434
 -3.74350876 -3.95987202 -3.42675132 -3.38352919 -4.02332227 -3.43074294
 -3.20122347 -4.18397636 -3.66220392 -3.4528534  -3.83460731 -3.18981013
 -3.70525556 -3.8911016  -3.2307465  -3.35265882 -4.31913967 -3.3753391
 -2.73279693 -3.85311306]